data = {
    "m2_net": [120, 130, 120, 110, 182, 70,
               70, 150, 120, 90, 95, 180,
               85, 100, 130, 170, 110, 140,
               240, 60, 140, 100, 200, 140,
               120, 140, 40, 160, 100, 130,
               170, 180, 170, 110, 135, 100,
               150, 50, 95, 150, 150, 120,
               130, 135, 135, 93, 70, 85,
               160, 100, 160, 65, 125, 130,
               145, 90, 190, 145, 75, 200,
               95],
    
    "rooms": [3, 4, 3, 3, 4, 3,
              2, 4, 4, 3, 4, 4,
              3, 3, 4, 4, 4, 4,
              7, 2, 4, 3, 5, 4,
              4, 4, 2, 4, 3, 4,
              4, 5, 4, 4, 4, 4,
              4, 2, 3, 4, 4, 4,
              4, 4, 4, 4, 3, 3,
              5, 3, 5, 3, 4, 4,
              4, 3, 5, 4, 3, 5,
              4],
    
    "bathes": [1, 2, 1, 1, 2, 1,
               1, 2, 2, 1, 1, 1,
               1, 1, 1, 2, 1, 1,
               2, 1, 1, 1, 2, 1,
               1, 1, 1, 1, 1, 1,
               2, 1, 2, 1, 1, 1,
               1, 1, 1, 1, 1, 1,
               1, 1, 1, 1, 1, 1,
               2, 1, 2, 1, 1, 2,
               1, 1, 2, 2, 1, 2,
               1],
    
    "floor": [3, 4, 1, 1, 6, 3,
              4, 4, 3, 2, 1, 2,
              3, 4, 2, 4, 1, 2,
              4, 2, 5, 1, 4, 2,
              1, 1, 2, 2, 3, 4,
              4, 2, 1, 2, 3, 3,
              1, 3, 1, 3, 2, 1,
              2, 1, 2, 1, 3, 2,
              4, 3, 2, 2, 2, 3,
              3, 1, 2, 1, 2, 3,
              1],
    
    "elevator": [1, 1, 1, 0, 1, 1,
                 1, 1, 1, 0, 0, 1,
                 1, 1, 1, 1, 0, 0,
                 0, 1, 1, 1, 1, 0,
                 0, 1, 1, 1, 0, 1,
                 1, 1, 1, 0, 1, 1,
                 1, 1, 1, 1, 1, 1,
                 1, 1, 1, 1, 1, 1,
                 1, 1, 1, 1, 1, 1,
                 0, 1, 1, 1, 1, 1,
                 1],
    
    "aprtAge": [6, 10, 12, 22, 6, 1,
                4, 15, 12, 22, 24, 12,
                1, 1, 4, 6, 6, 15, 
                20, 1, 2, 3, 12, 22,
                30, 4, 1, 6, 27, 2,
                7, 2, 12, 8, 4, 2,
                13, 3, 7, 8, 9, 13,
                6, 4, 1, 3, 3, 2,
                6, 4, 3, 7, 7, 3,
                16, 1, 1, 12, 3, 17,
                6],
    
    "neighborhood": [1, 1, 1, 1, 1, 1,
                     1, 1, 2, 2, 2, 2,
                     2, 2, 2, 3, 3, 3,
                     3, 3, 4, 4, 4, 4,
                     4, 4, 4, 4, 4, 4,
                     4, 4, 4, 4, 5, 5,
                     5, 5, 5, 6, 6, 6,
                     6, 6, 6, 6, 6, 6,
                     6, 7, 7, 7, 7, 7,
                     7, 7, 8, 8, 8, 8,
                     8],
    
    "heating": ["combi", "combi", "combi", "combi", "combi",
                "combi", "combi", "combi", "combi", "combi",
                "combi", "combi", "combi", "combi", "combi",
                "combi", "combi", "combi", "combi", "combi",
                "combi","combi", "combi", "combi", "combi",
                "combi", "combi", "combi", "combi", "combi",
                "combi", "combi", "combi", "combi", "combi",
                "combi", "combi", "combi", "combi", "combi",
                "combi", "combi", "combi", "combi", "combi",
                "combi", "combi", "combi", "combi", "combi",
                "combi", "combi", "combi", "combi", "combi",
                "combi", "combi", "combi", "combi", "combi",
                "combi"],
    
    "balconies": [1, 1, 1, 1, 2, 1,
                  1, 1, 2, 1, 1, 2,
                  1, 1, 1, 1, 1, 1,
                  2, 1, 1, 1, 2, 1,
                  1, 1, 1, 1, 1, 1,
                  1, 1, 2, 1, 1, 2,
                  2, 1, 1, 1, 1, 1,
                  1, 1, 1, 1, 0, 1,
                  2, 1, 2, 0, 1, 1,
                  1, 1, 2, 1, 1, 2,
                  1],
    
    "Price": [2700000, 3000000, 2400000, 1500000, 4300000, 2700000,
              2250000, 2800000, 2900000, 1600000, 1300000, 3000000,
              2900000, 2700000, 3100000, 3500000, 2200000, 2550000,
              2900000, 2300000, 3700000, 2800000, 4600000, 1600000,
              1550000, 2800000, 2500000, 3000000, 1800000, 3800000,
              3600000, 4500000, 3800000, 2500000, 2600000, 2500000,
              2400000, 1900000, 2300000, 3000000, 2700000, 2300000,
              2600000, 2400000, 3900000, 3300000, 2000000, 3200000,
              3900000, 2800000, 4150000, 1800000, 3000000, 2900000,
              2600000, 2900000, 5500000, 3000000, 2600000, 4500000,
              2900000, ]
}